3.000000000000000000e+00
3.000000000000000000e+00
1.300000000000000000e+01
1.633333333333333570e+01
1.633333333333333570e+01
1.300000000000000000e+01
1.633333333333333570e+01
1.633333333333333570e+01
1.466666666666666785e+01
1.466666666666666785e+01
1.633333333333333570e+01
1.633333333333333570e+01
1.633333333333333570e+01
1.800000000000000000e+01
1.633333333333333570e+01
6.333333333333333925e+00
8.000000000000000000e+00
3.000000000000000000e+00
1.300000000000000000e+01
4.666666666666666963e+00
3.000000000000000000e+00
1.466666666666666785e+01
1.466666666666666785e+01
1.800000000000000000e+01
1.633333333333333570e+01
8.000000000000000000e+00
1.800000000000000000e+01
8.000000000000000000e+00
3.000000000000000000e+00
1.633333333333333570e+01
3.000000000000000000e+00
1.633333333333333570e+01
