6.974087176417842926e+00
5.029442748355002379e+00
5.551769811377735842e+00
5.580256150233545043e+00
6.005313626075303723e+00
5.280366456552463283e+00
6.180300561167449303e+00
8.925470683092605384e+00
6.438334505932608032e+00
5.548625349170808185e+00
1.341312029988495524e+01
5.882219918315363394e+00
6.433321780947838242e+00
5.942022953714972466e+00
9.347331853974992555e+00
6.670942862885869573e+00
7.314658091786646388e+00
8.985147246035522173e+00
5.110807566185179063e+00
7.323300554791332573e+00
9.157996957041794062e+00
5.044730593281715691e+00
5.235937223537823648e+00
1.273619594299317903e+01
5.871772298870181039e+00
