1.152310269325793257e+01
5.395995119414375374e+00
5.186948706048197799e+00
5.445356005382078202e+00
6.076206957770782680e+00
7.964192431327541399e+00
5.997611566445582021e+00
6.985928536014467838e+00
7.303425919163410995e+00
1.093549471977097731e+01
6.614069916037543351e+00
6.011591222702984183e+00
5.326861497577207061e+00
5.418239571107660524e+00
5.402673101577418535e+00
7.733885375715713550e+00
5.583285512168581377e+00
8.443377906759224061e+00
9.055033848380862338e+00
6.783488981505799487e+00
6.092823276600580762e+00
8.748841371322887639e+00
7.813363072870178172e+00
6.461517784612127002e+00
7.354330230459838802e+00
