6.426212497524471878e+00
7.149753831608713917e+00
5.752618633955432159e+00
5.039928652242141816e+00
5.323645853669906280e+00
1.017747953763456437e+01
8.428540614091584615e+00
5.366957094796751981e+00
5.906201786704967205e+00
5.322504935097811973e+00
5.361220039768315182e+00
5.385962546786135619e+00
8.765426817019809747e+00
1.079619807642114715e+01
5.506135222707877475e+00
5.734038126141406622e+00
5.915763019326361061e+00
5.652459644550741125e+00
1.110922373810822350e+01
5.809702040771623111e+00
7.270899922383735614e+00
8.922194272404755822e+00
6.310180030816104235e+00
6.502199879503979929e+00
7.442079041832482034e+00
1.219982092830612075e+01
5.383771191948059531e+00
5.784665100791099412e+00
5.651459459311015898e+00
5.034554554096055234e+00
5.361105990035119895e+00
1.246652190846623398e+01
