3.735302677153674811e+00
5.020929463139321314e+00
9.728572388029087747e+00
3.482397411817190314e+00
4.185266815960064335e+00
3.373740498144023547e+00
3.845395082284109201e+00
6.232475685448642722e+00
3.654902443946704604e+00
6.887081294960879063e+00
8.208319027830615511e+00
3.792168493490668091e+00
5.317608884868837649e+00
4.941373059904615062e+00
8.784129926917712439e+00
9.187575455212716236e+00
3.251100972649547671e+00
6.522038587714099833e+00
5.304197715732439811e+00
3.697325364574405526e+00
6.139125225425592802e+00
9.288043033361688572e+00
4.222302488710420576e+00
4.049597233715993561e+00
5.224346147578874167e+00
7.394258064030024613e+00
8.165986495168038317e+00
3.511866301422950976e+00
3.447970827428688878e+00
4.686885687144260793e+00
3.362027401799837278e+00
7.763332240889569746e+00
7.823699275027012234e+00
6.172591687755666356e+00
7.953132460194226816e+00
8.116922310414926400e+00
3.359578075328639724e+00
7.431461339039578284e+00
9.602085480917718741e+00
6.657996034948299169e+00
4.182714353404732854e+00
6.672259290705731871e+00
3.387503152010566509e+00
5.118086077479206075e+00
7.882909064929403797e+00
9.829901407098034838e+00
3.372168150384329266e+00
5.306950553038201512e+00
5.988140270656904462e+00
7.349917851615654030e+00
7.423249951055851170e+00
7.156636524763446694e+00
5.976375154312339788e+00
1.018581181078318032e+01
3.086334572235553075e+00
7.460567513539347217e+00
1.008959422432692676e+01
4.174742500299716497e+00
6.954871684853856095e+00
5.652083484949675274e+00
