5.817944962269131715e+00
6.174489404027397654e+00
5.555141823588620298e+00
1.094357010277079922e+01
6.642289799190450594e+00
5.207615934647000344e+00
1.008161937136711117e+01
8.282285718052667889e+00
7.412836121866915207e+00
5.415947176626348281e+00
5.849398125768555445e+00
7.102381006031068367e+00
6.576956851584609964e+00
5.252321680008012805e+00
8.689748525575161864e+00
8.507685685698575639e+00
5.522783220948288552e+00
5.134247391541679306e+00
8.158242042193247556e+00
9.549140291698424932e+00
7.034519328890612933e+00
5.312781766007372397e+00
5.683059084760946789e+00
5.077518500860490391e+00
1.109249715874844355e+01
5.899341070399084508e+00
5.997783058528605160e+00
1.056219723708808544e+01
6.045123955198176802e+00
5.153705257730090139e+00
5.213910833267279443e+00
8.440631760440481912e+00
