3.501979075751921577e+00
9.769828570726705408e+00
4.081873880278288347e+00
7.018155736877576878e+00
7.863622989405623542e+00
1.088316559068317879e+01
3.062645961234224945e+00
3.866764318683370227e+00
5.686355399942039313e+00
7.620734916417123195e+00
3.056979779090536642e+00
7.845619390469579457e+00
3.824545250728160539e+00
4.043033575335620355e+00
3.256531449454114213e+00
3.285616562718356892e+00
4.209699274116262657e+00
4.036329826595816073e+00
4.319259017720969318e+00
1.313549956727446855e+01
3.526826652326609857e+00
7.196961324474544064e+00
6.748259299078531726e+00
1.022903147110915434e+01
6.197108319138997956e+00
