5.162121258161204373e+00
5.305325603239777088e+00
5.290270338254334348e+00
8.747625553289465117e+00
6.526240313374096935e+00
6.943566192008852944e+00
8.463389044304966191e+00
6.030823314968948523e+00
5.021927084635730232e+00
5.550977123767755650e+00
6.836910075942242315e+00
7.570852679764426441e+00
5.928581788516170903e+00
1.207123125415027864e+01
6.204009071843112011e+00
6.188572024508280478e+00
5.138799880819451715e+00
6.113062319245688769e+00
5.444937015424908822e+00
6.487302840898362177e+00
8.158761064442186850e+00
6.307832726821255953e+00
7.752849117735489237e+00
6.291239975397560080e+00
5.263609929292702994e+00
8.237202631206489656e+00
5.793404525724607623e+00
1.215757964232505017e+01
1.211847230339278170e+01
5.585469243983769871e+00
5.461876158318268892e+00
8.481078542381581542e+00
